5.2193e+00
5.4913e+00
1.6179e+00
2.0925e+00
4.0733e+00
1.8819e-01
2.2593e+00
2.1665e+00
-4.6149e+00
1.1137e+00
5.3970e+00
-4.5345e-01
7.2299e-01
4.4399e-02
2.0907e-01
6.7419e-01
-4.4603e+00
2.8073e+00
1.7127e+00
7.3250e-01
3.1924e+00
1.6533e+00
5.1889e-01
7.8020e+00
8.3958e-01
-9.9123e-02
1.1596e+00
-5.1235e-01
2.7233e+00
3.5407e+00
2.2486e+00
1.3013e+00
2.8427e+00
5.6498e-01
1.4228e+00
3.7064e+00
1.4359e+00
3.4458e+00
2.9984e+00
4.9332e+00
2.0431e+00
1.9257e+00
2.6102e+00
3.2415e+00
-1.1313e-01
2.7570e-01
-5.1526e-02
3.8406e+00
1.7710e+00
4.2042e+00
2.6929e+00
2.7332e+00
1.7875e+00
3.8699e+00
1.7020e-02
3.3519e+00
2.3173e+00
4.1300e+00
9.2069e-01
7.2801e-01
4.1421e+00
1.7071e+00
2.9161e+00
4.2735e+00
6.1070e+00
1.4396e+00
2.8678e+00
2.0639e+00
1.2189e+00
-5.4492e-01
6.2294e+00
1.6313e+00
-1.1949e+00
3.1488e+00
1.4547e+00
2.0966e+00
2.3271e+00
1.7562e+00
-1.6971e+00
2.0766e+00
-1.4181e+00
-5.8737e-01
-4.1617e+00
-2.8777e+00
-3.3030e+00
-2.6758e+00
-6.4779e+00
-5.2775e-01
-3.0908e+00
-3.3443e+00
-5.1058e+00
-4.5920e+00
-5.2786e+00
-3.4153e+00
-3.2970e-01
-3.0046e+00
-1.8399e+00
-6.8959e-01
-2.8672e+00
-1.4082e+00
-1.9310e+00
-1.9821e+00
-1.6564e+00
-1.6904e+00
-8.4664e-02
-3.6888e+00
-4.3897e+00
-3.0222e+00
-6.2160e+00
-7.5783e+00
1.6968e-01
-3.7327e+00
-2.3096e+00
-2.8773e+00
-2.3612e+00
-1.0623e+00
-4.9949e+00
-4.5774e+00
-3.0724e+00
-1.8198e+00
-5.1914e+00
-2.4732e+00
-2.5700e+00
-2.7706e+00
9.5222e-01
-4.5804e+00
7.2151e-01
-3.6408e+00
-3.5467e+00
-2.7292e+00
-2.6464e+00
-1.9259e+00
-7.0970e+00
-2.6463e+00
-4.1382e+00
-4.5692e+00
-4.2071e+00
-1.6393e+00
-6.8787e+00
-5.2134e+00
-5.2641e+00
-8.1458e+00
-3.4019e+00
-5.3557e+00
-1.5268e+00
-2.1939e+00
-4.6385e+00
-2.7993e+00
-4.1469e+00
-5.6610e+00
-5.0237e+00
-3.9384e+00
-1.5631e+00
-2.9521e+00
-2.5152e+00
-1.5000e+00
-2.7260e+00
-6.6520e+00
-7.4516e+00
1.5101e+00
